0.262
2.778
6.118
2.174
2.751
1.358
5.383
3.675
5.161
5.234
4.995
7.104
2.927
4.333
1.943
8.633
0.893
8.442
1.463
4.942
11.137
0.885
5.114
1.505
1.522
2.6
4.23
1.394
6.069
8.227
6.245
7.009
6.371
2.403
9.803
2.446
4.479
10.112
4.139
5.136
1.134
9.477
10.74
1.41
6.427
4.917
5.141
0.455
0.975
5.453
3.846
1.027
0.63
6.425
3.857
4.289
2.788
2.174
2.091
5.14
4.754
7.03
5.708
2.247
7.269
6.419
4.506
1.193
2.142
3.854
0.905
3.401
3.858
3.439
2.462
6.893
0.61
1.443
4.167
2.674
5.962
2.634
3.213
2.668
2.142
1.107
0.988
2.238
1.053
9.905
4.648
8.108
0.961
2.417
8.349
4.091
5.832
2.185
1.788
5.944